1991,1992,1993,1994,1995,1996,1997,1998,1999,2000,2001,2002,2003,2004,2005,2006,2007,2008,2009,2010,2011,2012,2013,2014,2015,Bezirksnummer,Bezirksname,Kanton
25.0,61.0,55.0,54.0,83.0,85.0,90.0,97.0,79.0,164.0,133.0,174.0,197.0,184.0,209.0,282.0,273.0,319.0,262.0,244.0,209.0,214.0,242.0,195.0,267.0,101,Affoltern,ZH
8.0,21.0,22.0,43.0,30.0,46.0,23.0,40.0,20.0,64.0,68.0,93.0,99.0,83.0,78.0,74.0,84.0,126.0,115.0,75.0,95.0,89.0,50.0,64.0,86.0,102,Andelfingen,ZH
107.0,208.0,320.0,349.0,429.0,513.0,475.0,566.0,553.0,763.0,749.0,818.0,864.0,911.0,857.0,983.0,886.0,1008.0,1078.0,910.0,732.0,835.0,786.0,813.0,909.0,103,Bülach,ZH
69.0,110.0,135.0,184.0,246.0,266.0,242.0,225.0,252.0,388.0,325.0,486.0,406.0,368.0,414.0,557.0,463.0,600.0,556.0,468.0,401.0,413.0,415.0,446.0,558.0,104,Dielsdorf,ZH
67.0,98.0,122.0,159.0,229.0,253.0,275.0,333.0,268.0,402.0,340.0,495.0,411.0,440.0,435.0,476.0,431.0,615.0,435.0,381.0,309.0,356.0,358.0,398.0,413.0,105,Hinwil,ZH
147.0,149.0,251.0,267.0,354.0,439.0,349.0,398.0,375.0,428.0,503.0,511.0,653.0,694.0,578.0,816.0,778.0,1051.0,773.0,733.0,706.0,728.0,692.0,670.0,841.0,106,Horgen,ZH
111.0,147.0,141.0,185.0,230.0,242.0,246.0,249.0,245.0,376.0,356.0,468.0,459.0,477.0,427.0,543.0,507.0,575.0,551.0,462.0,498.0,526.0,556.0,485.0,629.0,107,Meilen,ZH
40.0,62.0,85.0,89.0,139.0,162.0,145.0,156.0,141.0,194.0,211.0,229.0,235.0,268.0,236.0,276.0,193.0,277.0,223.0,203.0,178.0,234.0,219.0,218.0,246.0,108,Pfäffikon,ZH
125.0,184.0,304.0,286.0,392.0,468.0,396.0,510.0,342.0,613.0,637.0,703.0,686.0,502.0,557.0,770.0,551.0,1126.0,900.0,689.0,662.0,712.0,673.0,571.0,714.0,109,Uster,ZH
136.0,157.0,317.0,340.0,486.0,568.0,498.0,540.0,654.0,723.0,917.0,951.0,1098.0,958.0,958.0,962.0,881.0,1223.0,1059.0,1008.0,825.0,825.0,722.0,774.0,880.0,110,Winterthur,ZH
108.0,123.0,210.0,210.0,223.0,296.0,397.0,343.0,417.0,461.0,507.0,608.0,697.0,647.0,795.0,876.0,672.0,916.0,786.0,580.0,468.0,515.0,398.0,465.0,494.0,111,Dietikon,ZH
370.0,604.0,1091.0,936.0,1198.0,1453.0,1324.0,1725.0,1863.0,2285.0,2241.0,2256.0,2867.0,2655.0,3449.0,4851.0,3267.0,3279.0,4769.0,4593.0,2654.0,3051.0,2777.0,2578.0,3588.0,112,Zürich,ZH
40.0,53.0,57.0,36.0,43.0,51.0,55.0,66.0,82.0,91.0,117.0,190.0,144.0,189.0,138.0,217.0,184.0,190.0,102.0,160.0,114.0,125.0,123.0,147.0,182.0,241,Jura bernois,BE
102.0,139.0,114.0,140.0,167.0,134.0,142.0,151.0,196.0,326.0,187.0,746.0,442.0,511.0,533.0,800.0,674.0,677.0,459.0,373.0,439.0,513.0,385.0,226.0,330.0,242,Biel/Bienne,BE
19.0,46.0,28.0,53.0,63.0,39.0,58.0,80.0,66.0,111.0,109.0,181.0,150.0,191.0,187.0,239.0,202.0,214.0,170.0,112.0,164.0,131.0,140.0,120.0,186.0,243,Seeland,BE
48.0,41.0,56.0,83.0,62.0,63.0,65.0,63.0,59.0,164.0,130.0,327.0,234.0,243.0,235.0,480.0,397.0,453.0,240.0,267.0,233.0,204.0,209.0,154.0,165.0,244,Oberaargau,BE
49.0,46.0,58.0,68.0,78.0,61.0,58.0,77.0,104.0,146.0,110.0,362.0,235.0,326.0,365.0,500.0,399.0,432.0,258.0,242.0,205.0,148.0,164.0,134.0,144.0,245,Emmental,BE
323.0,531.0,454.0,441.0,463.0,533.0,603.0,624.0,638.0,955.0,1143.0,2061.0,1390.0,1900.0,1711.0,2606.0,1740.0,1766.0,1342.0,1203.0,1301.0,1003.0,1062.0,837.0,1192.0,246,Bern-Mittelland,BE
49.0,72.0,72.0,119.0,83.0,57.0,76.0,73.0,115.0,175.0,132.0,510.0,306.0,526.0,423.0,534.0,408.0,408.0,194.0,235.0,226.0,193.0,215.0,182.0,225.0,247,Thun,BE
6.0,13.0,10.0,6.0,5.0,1.0,7.0,24.0,7.0,10.0,18.0,27.0,28.0,36.0,49.0,40.0,43.0,33.0,21.0,32.0,24.0,33.0,24.0,28.0,32.0,248,Obersimmental-Saanen,BE
19.0,24.0,17.0,8.0,22.0,11.0,20.0,16.0,18.0,37.0,29.0,96.0,61.0,67.0,102.0,118.0,65.0,72.0,64.0,39.0,56.0,67.0,58.0,48.0,52.0,249,Frutigen-Niedersimmental,BE
25.0,28.0,37.0,18.0,31.0,15.0,23.0,50.0,39.0,55.0,37.0,181.0,110.0,169.0,144.0,179.0,132.0,157.0,109.0,65.0,93.0,78.0,123.0,85.0,111.0,250,Interlaken-Oberhasli,BE
56.0,87.0,152.0,118.0,123.0,188.0,243.0,181.0,243.0,449.0,192.0,451.0,254.0,370.0,356.0,428.0,357.0,348.0,408.0,483.0,540.0,518.0,387.0,415.0,477.0,311,Luzern-Stadt,LU
85.0,123.0,143.0,100.0,108.0,290.0,219.0,190.0,194.0,314.0,239.0,419.0,310.0,310.0,322.0,427.0,447.0,398.0,528.0,567.0,631.0,504.0,440.0,452.0,398.0,312,Luzern-Land,LU
37.0,104.0,79.0,80.0,83.0,210.0,154.0,129.0,122.0,112.0,82.0,122.0,176.0,118.0,115.0,175.0,210.0,222.0,250.0,279.0,289.0,310.0,293.0,291.0,294.0,313,Hochdorf,LU
11.0,42.0,64.0,22.0,53.0,106.0,95.0,75.0,59.0,150.0,101.0,220.0,182.0,143.0,180.0,262.0,188.0,245.0,210.0,326.0,221.0,191.0,148.0,172.0,190.0,314,Sursee,LU
10.0,14.0,27.0,11.0,31.0,48.0,29.0,50.0,62.0,81.0,57.0,144.0,118.0,128.0,116.0,132.0,195.0,224.0,222.0,229.0,139.0,139.0,118.0,126.0,154.0,315,Willisau,LU
6.0,16.0,6.0,7.0,3.0,18.0,13.0,17.0,11.0,22.0,11.0,44.0,42.0,52.0,12.0,59.0,47.0,71.0,45.0,37.0,37.0,24.0,56.0,25.0,17.0,316,Entlebuch,LU
28.0,22.0,29.0,17.0,23.0,25.0,20.0,43.0,44.0,56.0,64.0,79.0,81.0,48.0,106.0,57.0,88.0,100.0,80.0,53.0,73.0,27.0,99.0,60.0,65.0,400,Kt. Uri,UR
6.0,3.0,8.0,3.0,6.0,9.0,4.0,6.0,9.0,11.0,15.0,12.0,6.0,6.0,8.0,39.0,32.0,26.0,63.0,59.0,40.0,43.0,39.0,17.0,31.0,501,Einsiedeln,SZ
1.0,1.0,3.0,5.0,3.0,3.0,2.0,2.0,3.0,8.0,11.0,8.0,9.0,2.0,11.0,10.0,9.0,2.0,2.0,16.0,2.0,2.0,3.0,6.0,4.0,502,Gersau,SZ
26.0,22.0,39.0,29.0,25.0,44.0,11.0,40.0,45.0,49.0,46.0,81.0,71.0,44.0,88.0,125.0,120.0,134.0,163.0,109.0,147.0,80.0,100.0,154.0,138.0,503,Höfe,SZ
7.0,8.0,11.0,6.0,16.0,9.0,4.0,14.0,10.0,13.0,22.0,8.0,12.0,12.0,29.0,40.0,42.0,58.0,30.0,29.0,30.0,36.0,83.0,44.0,24.0,504,Küssnacht (SZ),SZ
21.0,20.0,17.0,26.0,39.0,36.0,46.0,33.0,28.0,56.0,58.0,99.0,69.0,31.0,138.0,150.0,147.0,166.0,212.0,132.0,173.0,121.0,144.0,113.0,124.0,505,March,SZ
26.0,57.0,44.0,63.0,52.0,24.0,51.0,56.0,31.0,67.0,55.0,58.0,48.0,25.0,121.0,94.0,110.0,147.0,123.0,116.0,123.0,121.0,163.0,85.0,81.0,506,Schwyz,SZ
25.0,18.0,19.0,18.0,42.0,13.0,24.0,39.0,28.0,38.0,71.0,123.0,70.0,99.0,74.0,56.0,113.0,68.0,131.0,149.0,87.0,90.0,98.0,70.0,54.0,600,Kt. Obwalden,OW
28.0,27.0,45.0,67.0,74.0,43.0,41.0,79.0,65.0,104.0,75.0,94.0,154.0,130.0,109.0,75.0,92.0,88.0,118.0,93.0,65.0,66.0,74.0,61.0,57.0,700,Kt. Nidwalden,NW
,,,,,,,,,,,,,,,,,,,,97.0,82.0,77.0,92.0,76.0,800,Kt. Glarus,GL
114.0,156.0,169.0,132.0,235.0,292.0,228.0,206.0,173.0,300.0,466.0,448.0,470.0,492.0,643.0,494.0,536.0,522.0,513.0,637.0,437.0,429.0,515.0,636.0,506.0,900,Kt. Zug,ZG
9.0,24.0,13.0,9.0,30.0,29.0,20.0,22.0,35.0,31.0,67.0,66.0,86.0,74.0,71.0,71.0,74.0,75.0,55.0,45.0,49.0,54.0,85.0,66.0,104.0,1001,La Broye,FR
16.0,14.0,13.0,19.0,32.0,27.0,30.0,42.0,9.0,28.0,38.0,40.0,60.0,41.0,64.0,36.0,34.0,55.0,29.0,58.0,46.0,29.0,42.0,33.0,53.0,1002,La Glâne,FR
19.0,36.0,33.0,46.0,61.0,59.0,63.0,57.0,64.0,55.0,90.0,112.0,118.0,114.0,113.0,91.0,94.0,182.0,99.0,89.0,96.0,96.0,106.0,88.0,143.0,1003,La Gruyère,FR
100.0,147.0,132.0,188.0,443.0,246.0,279.0,246.0,220.0,315.0,352.0,397.0,501.0,379.0,303.0,307.0,404.0,507.0,373.0,371.0,288.0,302.0,447.0,303.0,530.0,1004,La Sarine,FR
19.0,25.0,13.0,32.0,56.0,25.0,46.0,31.0,44.0,47.0,75.0,94.0,78.0,110.0,58.0,62.0,71.0,144.0,61.0,81.0,99.0,90.0,83.0,79.0,148.0,1005,See / Lac,FR
9.0,31.0,16.0,30.0,55.0,31.0,27.0,47.0,21.0,53.0,59.0,71.0,110.0,102.0,76.0,79.0,108.0,145.0,82.0,73.0,75.0,74.0,108.0,52.0,85.0,1006,Sense,FR
2.0,11.0,11.0,9.0,26.0,15.0,30.0,35.0,27.0,27.0,33.0,25.0,47.0,44.0,23.0,26.0,51.0,59.0,31.0,32.0,31.0,55.0,50.0,44.0,74.0,1007,La Veveyse,FR
7.0,7.0,11.0,4.0,28.0,31.0,41.0,29.0,21.0,25.0,30.0,17.0,42.0,28.0,41.0,31.0,51.0,52.0,71.0,88.0,179.0,36.0,81.0,74.0,62.0,1101,Gäu,SO
6.0,10.0,11.0,10.0,19.0,15.0,19.0,26.0,5.0,23.0,16.0,14.0,21.0,14.0,35.0,26.0,31.0,23.0,44.0,28.0,59.0,34.0,45.0,33.0,26.0,1102,Thal,SO
1.0,3.0,0.0,1.0,2.0,1.0,1.0,1.0,1.0,0.0,0.0,5.0,2.0,4.0,2.0,2.0,0.0,4.0,10.0,0.0,2.0,2.0,2.0,7.0,11.0,1103,Bucheggberg,SO
10.0,29.0,12.0,11.0,27.0,28.0,13.0,22.0,25.0,18.0,16.0,29.0,27.0,20.0,36.0,36.0,48.0,30.0,68.0,60.0,87.0,47.0,60.0,47.0,59.0,1104,Dorneck,SO
9.0,23.0,15.0,33.0,18.0,75.0,54.0,47.0,24.0,65.0,26.0,69.0,48.0,46.0,109.0,97.0,42.0,65.0,113.0,86.0,234.0,86.0,106.0,52.0,53.0,1105,Gösgen,SO
25.0,40.0,29.0,47.0,53.0,95.0,57.0,78.0,52.0,89.0,76.0,116.0,66.0,99.0,157.0,94.0,148.0,112.0,215.0,82.0,415.0,149.0,244.0,172.0,166.0,1106,Wasseramt,SO
42.0,29.0,23.0,34.0,42.0,64.0,46.0,68.0,49.0,108.0,62.0,87.0,101.0,69.0,101.0,87.0,108.0,106.0,112.0,81.0,320.0,174.0,255.0,121.0,112.0,1107,Lebern,SO
33.0,67.0,47.0,43.0,83.0,136.0,84.0,79.0,77.0,117.0,75.0,97.0,84.0,95.0,194.0,120.0,177.0,141.0,229.0,150.0,564.0,197.0,257.0,134.0,142.0,1108,Olten,SO
24.0,20.0,15.0,20.0,55.0,58.0,30.0,30.0,26.0,67.0,47.0,44.0,46.0,36.0,71.0,43.0,53.0,35.0,72.0,23.0,132.0,34.0,80.0,57.0,49.0,1109,Solothurn,SO
12.0,3.0,13.0,5.0,17.0,14.0,7.0,11.0,17.0,19.0,18.0,30.0,15.0,38.0,32.0,37.0,10.0,24.0,40.0,41.0,64.0,21.0,63.0,31.0,17.0,1110,Thierstein,SO
307.0,318.0,492.0,498.0,568.0,691.0,837.0,975.0,502.0,983.0,1124.0,1443.0,1248.0,1272.0,1268.0,1121.0,2049.0,1828.0,1203.0,920.0,875.0,863.0,1002.0,1040.0,981.0,1200,Kt. Basel-Stadt,BS
168.0,197.0,233.0,187.0,276.0,348.0,383.0,314.0,333.0,409.0,445.0,506.0,652.0,723.0,672.0,639.0,603.0,673.0,681.0,588.0,648.0,408.0,398.0,459.0,408.0,1301,Arlesheim,BL
13.0,12.0,18.0,4.0,20.0,43.0,30.0,38.0,30.0,30.0,46.0,43.0,87.0,82.0,99.0,46.0,74.0,65.0,53.0,89.0,47.0,43.0,58.0,51.0,69.0,1302,Laufen,BL
76.0,79.0,79.0,94.0,112.0,130.0,123.0,139.0,110.0,187.0,179.0,273.0,296.0,365.0,365.0,333.0,321.0,340.0,207.0,240.0,198.0,173.0,185.0,145.0,194.0,1303,Liestal,BL
13.0,24.0,16.0,9.0,23.0,40.0,32.0,43.0,17.0,65.0,55.0,61.0,93.0,111.0,105.0,97.0,102.0,125.0,115.0,95.0,88.0,73.0,79.0,84.0,67.0,1304,Sissach,BL
9.0,17.0,7.0,7.0,18.0,20.0,15.0,24.0,4.0,21.0,32.0,50.0,43.0,70.0,80.0,64.0,18.0,47.0,19.0,50.0,60.0,59.0,56.0,34.0,27.0,1305,Waldenburg,BL
1.0,9.0,2.0,1.0,4.0,5.0,3.0,6.0,1.0,4.0,8.0,3.0,8.0,2.0,8.0,4.0,19.0,16.0,6.0,9.0,14.0,1.0,4.0,6.0,4.0,1401,Oberklettgau,SH
6.0,15.0,4.0,19.0,5.0,6.0,3.0,18.0,9.0,30.0,10.0,34.0,34.0,13.0,12.0,14.0,30.0,32.0,36.0,27.0,25.0,15.0,31.0,40.0,50.0,1402,Reiat,SH
79.0,120.0,154.0,190.0,132.0,199.0,259.0,164.0,193.0,255.0,334.0,245.0,297.0,273.0,174.0,254.0,218.0,260.0,348.0,358.0,296.0,197.0,237.0,278.0,267.0,1403,Schaffhausen,SH
2.0,5.0,2.0,1.0,1.0,1.0,4.0,1.0,3.0,4.0,5.0,7.0,4.0,5.0,3.0,1.0,14.0,3.0,26.0,9.0,10.0,5.0,2.0,13.0,6.0,1404,Schleitheim,SH
5.0,6.0,7.0,20.0,14.0,4.0,11.0,7.0,5.0,19.0,14.0,10.0,21.0,41.0,11.0,14.0,28.0,22.0,43.0,19.0,25.0,25.0,18.0,8.0,18.0,1405,Stein,SH
4.0,5.0,5.0,4.0,4.0,6.0,3.0,9.0,6.0,7.0,4.0,2.0,3.0,14.0,12.0,20.0,13.0,9.0,11.0,14.0,8.0,8.0,6.0,21.0,7.0,1406,Unterklettgau,SH
12.0,21.0,11.0,18.0,19.0,29.0,36.0,51.0,39.0,36.0,165.0,107.0,195.0,110.0,266.0,126.0,104.0,79.0,61.0,58.0,55.0,63.0,30.0,38.0,45.0,1501,Hinterland,AR
15.0,24.0,23.0,19.0,15.0,18.0,35.0,31.0,28.0,28.0,63.0,88.0,29.0,68.0,107.0,51.0,34.0,34.0,55.0,43.0,42.0,41.0,34.0,23.0,29.0,1502,Mittelland,AR
12.0,16.0,13.0,14.0,17.0,17.0,30.0,8.0,15.0,32.0,47.0,60.0,57.0,51.0,107.0,49.0,45.0,52.0,38.0,31.0,48.0,45.0,41.0,27.0,25.0,1503,Vorderland,AR
11.0,12.0,8.0,15.0,21.0,4.0,2.0,12.0,27.0,20.0,43.0,40.0,46.0,38.0,47.0,46.0,19.0,30.0,26.0,37.0,28.0,21.0,13.0,25.0,36.0,1600,Kt. Appenzell i.Rh.,AI
184.0,209.0,252.0,258.0,344.0,390.0,255.0,337.0,481.0,478.0,560.0,757.0,725.0,704.0,884.0,798.0,852.0,781.0,662.0,751.0,606.0,532.0,370.0,459.0,443.0,1721,St. Gallen,SG
47.0,52.0,54.0,42.0,50.0,63.0,69.0,46.0,118.0,92.0,105.0,142.0,128.0,173.0,206.0,132.0,205.0,173.0,177.0,211.0,145.0,136.0,111.0,172.0,153.0,1722,Rorschach,SG
46.0,79.0,62.0,57.0,43.0,85.0,66.0,113.0,91.0,141.0,142.0,171.0,135.0,123.0,197.0,176.0,322.0,261.0,191.0,262.0,199.0,175.0,205.0,275.0,318.0,1723,Rheintal,SG
28.0,30.0,46.0,46.0,33.0,59.0,35.0,62.0,50.0,50.0,145.0,103.0,122.0,159.0,132.0,140.0,170.0,134.0,126.0,170.0,105.0,134.0,136.0,146.0,129.0,1724,Werdenberg,SG
25.0,41.0,47.0,34.0,38.0,54.0,22.0,22.0,15.0,52.0,37.0,48.0,63.0,87.0,109.0,95.0,173.0,163.0,96.0,151.0,98.0,122.0,120.0,130.0,118.0,1725,Sarganserland,SG
15.0,19.0,12.0,13.0,34.0,38.0,16.0,26.0,49.0,37.0,51.0,60.0,87.0,88.0,144.0,78.0,339.0,367.0,320.0,391.0,277.0,228.0,167.0,297.0,312.0,1726,See-Gaster,SG
22.0,13.0,13.0,27.0,18.0,45.0,5.0,48.0,35.0,10.0,54.0,33.0,28.0,89.0,80.0,56.0,71.0,87.0,36.0,117.0,69.0,77.0,120.0,137.0,97.0,1727,Toggenburg,SG
43.0,51.0,35.0,32.0,70.0,97.0,94.0,114.0,81.0,95.0,136.0,139.0,89.0,101.0,233.0,149.0,176.0,168.0,118.0,165.0,156.0,129.0,247.0,256.0,242.0,1728,Wil,SG
77.0,81.0,93.0,60.0,199.0,145.0,229.0,124.0,136.0,208.0,138.0,277.0,352.0,283.0,271.0,513.0,277.0,342.0,276.0,244.0,211.0,230.0,372.0,326.0,466.0,1901,Aarau,AG
206.0,271.0,253.0,304.0,544.0,485.0,487.0,322.0,402.0,570.0,339.0,640.0,533.0,564.0,486.0,770.0,600.0,776.0,498.0,695.0,520.0,517.0,689.0,551.0,770.0,1902,Baden,AG
50.0,75.0,40.0,58.0,122.0,100.0,123.0,124.0,145.0,170.0,114.0,195.0,207.0,213.0,219.0,345.0,281.0,321.0,228.0,267.0,200.0,204.0,190.0,215.0,347.0,1903,Bremgarten,AG
44.0,58.0,54.0,74.0,144.0,124.0,115.0,113.0,128.0,119.0,103.0,201.0,179.0,161.0,111.0,331.0,238.0,285.0,211.0,207.0,130.0,132.0,207.0,230.0,283.0,1904,Brugg,AG
26.0,36.0,22.0,21.0,43.0,47.0,36.0,41.0,46.0,58.0,34.0,95.0,68.0,69.0,62.0,148.0,81.0,105.0,81.0,118.0,82.0,97.0,92.0,84.0,154.0,1905,Kulm,AG
8.0,19.0,22.0,29.0,37.0,58.0,40.0,47.0,60.0,51.0,58.0,89.0,56.0,84.0,63.0,130.0,93.0,140.0,63.0,89.0,58.0,107.0,166.0,85.0,80.0,1906,Laufenburg,AG
28.0,44.0,52.0,32.0,83.0,63.0,85.0,61.0,94.0,173.0,128.0,156.0,187.0,187.0,132.0,280.0,153.0,254.0,157.0,204.0,171.0,174.0,187.0,169.0,247.0,1907,Lenzburg,AG
17.0,15.0,16.0,18.0,32.0,36.0,39.0,41.0,36.0,26.0,38.0,49.0,95.0,73.0,58.0,156.0,100.0,103.0,72.0,72.0,63.0,46.0,69.0,119.0,150.0,1908,Muri,AG
26.0,51.0,59.0,65.0,132.0,87.0,131.0,99.0,92.0,126.0,102.0,168.0,108.0,193.0,217.0,297.0,176.0,232.0,137.0,190.0,132.0,136.0,197.0,186.0,250.0,1909,Rheinfelden,AG
43.0,63.0,49.0,53.0,179.0,111.0,148.0,121.0,103.0,166.0,105.0,250.0,172.0,204.0,141.0,445.0,245.0,248.0,152.0,217.0,153.0,196.0,249.0,186.0,265.0,1910,Zofingen,AG
31.0,47.0,30.0,40.0,86.0,80.0,80.0,64.0,61.0,99.0,89.0,112.0,114.0,96.0,119.0,178.0,117.0,145.0,101.0,138.0,96.0,64.0,93.0,89.0,113.0,1911,Zurzach,AG
75.0,109.0,76.0,123.0,106.0,78.0,163.0,155.0,156.0,165.0,115.0,244.0,248.0,216.0,251.0,260.0,226.0,182.0,248.0,159.0,181.0,169.0,154.0,167.0,178.0,2011,Arbon,TG
52.0,76.0,75.0,118.0,83.0,74.0,116.0,107.0,114.0,173.0,110.0,202.0,226.0,200.0,300.0,290.0,250.0,250.0,216.0,190.0,217.0,169.0,160.0,218.0,188.0,2012,Frauenfeld,TG
38.0,33.0,68.0,40.0,67.0,44.0,131.0,107.0,103.0,165.0,90.0,154.0,125.0,155.0,167.0,103.0,158.0,130.0,145.0,130.0,116.0,149.0,131.0,157.0,163.0,2013,Kreuzlingen,TG
26.0,34.0,29.0,52.0,63.0,44.0,92.0,66.0,78.0,97.0,65.0,213.0,108.0,167.0,152.0,184.0,120.0,134.0,122.0,112.0,123.0,104.0,113.0,108.0,162.0,2014,Münchwilen,TG
28.0,46.0,27.0,50.0,39.0,38.0,97.0,76.0,75.0,113.0,60.0,167.0,115.0,205.0,184.0,209.0,175.0,128.0,156.0,107.0,91.0,126.0,152.0,134.0,130.0,2015,Weinfelden,TG
165.0,143.0,103.0,139.0,123.0,186.0,147.0,183.0,336.0,306.0,190.0,374.0,262.0,263.0,166.0,301.0,447.0,622.0,420.0,345.0,303.0,255.0,326.0,304.0,263.0,2101,Bellinzona,TI
6.0,3.0,0.0,3.0,3.0,1.0,0.0,1.0,1.0,1.0,3.0,2.0,2.0,5.0,6.0,3.0,18.0,3.0,5.0,2.0,9.0,11.0,11.0,8.0,5.0,2102,Blenio,TI
47.0,33.0,30.0,29.0,27.0,31.0,13.0,27.0,40.0,45.0,28.0,42.0,39.0,73.0,26.0,65.0,68.0,54.0,57.0,44.0,52.0,41.0,44.0,44.0,42.0,2103,Leventina,TI
122.0,160.0,135.0,117.0,123.0,142.0,135.0,149.0,263.0,317.0,249.0,417.0,306.0,315.0,248.0,356.0,368.0,389.0,328.0,263.0,244.0,260.0,391.0,393.0,306.0,2104,Locarno,TI
341.0,386.0,459.0,398.0,406.0,555.0,516.0,627.0,905.0,1159.0,745.0,1138.0,856.0,871.0,689.0,741.0,1095.0,936.0,843.0,590.0,789.0,721.0,1053.0,942.0,819.0,2105,Lugano,TI
141.0,172.0,164.0,162.0,199.0,221.0,200.0,337.0,316.0,358.0,250.0,404.0,270.0,232.0,180.0,212.0,310.0,195.0,305.0,185.0,283.0,265.0,265.0,237.0,226.0,2106,Mendrisio,TI
35.0,48.0,27.0,34.0,23.0,38.0,44.0,20.0,66.0,61.0,47.0,47.0,66.0,55.0,67.0,96.0,108.0,112.0,122.0,99.0,99.0,92.0,85.0,99.0,63.0,2107,Riviera,TI
5.0,3.0,9.0,3.0,5.0,10.0,2.0,16.0,6.0,6.0,1.0,10.0,4.0,10.0,5.0,11.0,3.0,13.0,13.0,15.0,20.0,6.0,12.0,9.0,14.0,2108,Vallemaggia,TI
33.0,23.0,39.0,45.0,39.0,65.0,45.0,93.0,46.0,74.0,90.0,153.0,132.0,157.0,121.0,161.0,276.0,329.0,377.0,294.0,239.0,241.0,271.0,210.0,260.0,2221,Aigle,VD
24.0,33.0,33.0,35.0,24.0,41.0,34.0,38.0,28.0,78.0,82.0,76.0,99.0,90.0,193.0,169.0,220.0,217.0,212.0,154.0,111.0,152.0,184.0,187.0,164.0,2222,Broye-Vully,VD
30.0,27.0,40.0,38.0,26.0,33.0,31.0,50.0,40.0,59.0,75.0,105.0,87.0,109.0,106.0,133.0,161.0,120.0,177.0,108.0,118.0,135.0,170.0,183.0,226.0,2223,Gros-de-Vaud,VD
102.0,88.0,89.0,128.0,119.0,125.0,120.0,189.0,105.0,182.0,201.0,350.0,278.0,303.0,345.0,422.0,556.0,521.0,497.0,484.0,394.0,443.0,439.0,428.0,462.0,2224,Jura-Nord vaudois,VD
308.0,299.0,436.0,387.0,521.0,442.0,546.0,629.0,306.0,623.0,564.0,1182.0,642.0,704.0,1279.0,858.0,1587.0,1511.0,1541.0,1174.0,1140.0,1203.0,1165.0,965.0,964.0,2225,Lausanne,VD
107.0,106.0,110.0,108.0,121.0,114.0,154.0,158.0,78.0,152.0,135.0,261.0,155.0,153.0,154.0,258.0,268.0,257.0,315.0,218.0,237.0,272.0,279.0,304.0,321.0,2226,Lavaux-Oron,VD
96.0,73.0,93.0,123.0,99.0,134.0,173.0,158.0,105.0,193.0,221.0,398.0,234.0,271.0,315.0,349.0,385.0,339.0,423.0,383.0,299.0,295.0,393.0,393.0,451.0,2227,Morges,VD
134.0,170.0,227.0,196.0,218.0,253.0,290.0,366.0,193.0,341.0,347.0,512.0,399.0,371.0,524.0,583.0,688.0,620.0,667.0,587.0,508.0,595.0,756.0,708.0,710.0,2228,Nyon,VD
93.0,127.0,161.0,178.0,204.0,188.0,204.0,265.0,168.0,263.0,308.0,574.0,431.0,479.0,589.0,759.0,1003.0,1001.0,952.0,632.0,581.0,599.0,615.0,573.0,589.0,2229,Ouest lausannois,VD
96.0,120.0,125.0,138.0,131.0,177.0,184.0,235.0,161.0,230.0,286.0,481.0,308.0,292.0,393.0,522.0,732.0,624.0,670.0,459.0,555.0,486.0,525.0,459.0,499.0,2230,Riviera-Pays-d'Enhaut,VD
4.0,19.0,27.0,40.0,18.0,22.0,19.0,25.0,12.0,36.0,39.0,15.0,37.0,37.0,38.0,46.0,43.0,29.0,80.0,64.0,89.0,94.0,67.0,34.0,80.0,2301,Brig,VS
20.0,20.0,28.0,16.0,17.0,17.0,27.0,41.0,30.0,53.0,28.0,35.0,74.0,44.0,36.0,72.0,102.0,34.0,82.0,94.0,123.0,142.0,200.0,154.0,224.0,2302,Conthey,VS
4.0,11.0,10.0,9.0,11.0,13.0,20.0,23.0,16.0,22.0,18.0,38.0,27.0,22.0,24.0,36.0,21.0,16.0,16.0,42.0,36.0,20.0,49.0,52.0,54.0,2303,Entremont,VS
7.0,1.0,4.0,1.0,1.0,3.0,11.0,3.0,0.0,5.0,1.0,2.0,4.0,12.0,2.0,11.0,16.0,9.0,1.0,27.0,19.0,23.0,9.0,4.0,14.0,2304,Goms,VS
3.0,7.0,6.0,5.0,4.0,9.0,5.0,6.0,7.0,10.0,8.0,21.0,8.0,15.0,8.0,4.0,16.0,7.0,11.0,12.0,32.0,15.0,26.0,12.0,28.0,2305,Hérens,VS
4.0,8.0,8.0,3.0,3.0,8.0,4.0,14.0,7.0,7.0,17.0,8.0,11.0,17.0,16.0,9.0,10.0,14.0,53.0,50.0,21.0,70.0,21.0,30.0,33.0,2306,Leuk,VS
21.0,34.0,47.0,57.0,41.0,69.0,51.0,69.0,53.0,64.0,74.0,76.0,99.0,92.0,99.0,143.0,174.0,146.0,188.0,288.0,418.0,313.0,324.0,244.0,277.0,2307,Martigny,VS
27.0,51.0,52.0,67.0,51.0,94.0,74.0,116.0,65.0,81.0,73.0,95.0,71.0,94.0,113.0,206.0,176.0,158.0,236.0,260.0,331.0,239.0,227.0,200.0,226.0,2308,Monthey,VS
1.0,5.0,1.0,1.0,3.0,5.0,4.0,5.0,3.0,5.0,6.0,4.0,3.0,10.0,15.0,4.0,11.0,17.0,16.0,36.0,12.0,13.0,7.0,12.0,26.0,2309,Raron,VS
6.0,3.0,11.0,9.0,7.0,14.0,16.0,21.0,13.0,17.0,19.0,27.0,23.0,19.0,32.0,35.0,19.0,42.0,47.0,80.0,63.0,65.0,66.0,60.0,102.0,2310,Saint-Maurice,VS
37.0,68.0,57.0,71.0,57.0,83.0,56.0,66.0,62.0,132.0,109.0,108.0,148.0,110.0,108.0,160.0,140.0,97.0,200.0,247.0,375.0,296.0,267.0,285.0,294.0,2311,Sierre,VS
41.0,55.0,69.0,63.0,55.0,71.0,69.0,77.0,63.0,71.0,101.0,121.0,99.0,74.0,109.0,139.0,96.0,131.0,214.0,337.0,351.0,235.0,289.0,273.0,255.0,2312,Sion,VS
16.0,11.0,26.0,21.0,12.0,38.0,18.0,19.0,18.0,31.0,35.0,27.0,32.0,59.0,43.0,59.0,58.0,16.0,66.0,124.0,111.0,155.0,62.0,141.0,100.0,2313,Visp,VS
29.0,38.0,42.0,75.0,70.0,103.0,90.0,108.0,108.0,89.0,102.0,90.0,146.0,168.0,149.0,192.0,202.0,92.0,331.0,153.0,97.0,119.0,176.0,206.0,176.0,2401,Boudry,NE
62.0,66.0,78.0,60.0,51.0,152.0,77.0,215.0,161.0,128.0,122.0,196.0,257.0,173.0,282.0,302.0,292.0,160.0,579.0,453.0,241.0,337.0,182.0,302.0,231.0,2402,La Chaux-de-Fonds,NE
17.0,11.0,18.0,23.0,25.0,53.0,25.0,45.0,74.0,52.0,50.0,67.0,72.0,85.0,85.0,93.0,110.0,57.0,187.0,64.0,55.0,84.0,54.0,39.0,81.0,2403,Le Locle,NE
67.0,98.0,102.0,118.0,134.0,145.0,274.0,169.0,227.0,142.0,266.0,197.0,303.0,278.0,389.0,306.0,443.0,249.0,712.0,591.0,330.0,376.0,343.0,355.0,372.0,2404,Neuchâtel,NE
1.0,1.0,0.0,0.0,0.0,3.0,0.0,1.0,0.0,0.0,0.0,0.0,0.0,0.0,5.0,0.0,0.0,0.0,2.0,0.0,0.0,0.0,24.0,73.0,65.0,2405,Val-de-Ruz,NE
0.0,0.0,0.0,0.0,1.0,0.0,2.0,1.0,1.0,2.0,0.0,1.0,3.0,2.0,2.0,5.0,8.0,0.0,104.0,51.0,58.0,34.0,39.0,40.0,30.0,2406,Val-de-Travers,NE
1131.0,1299.0,1461.0,2012.0,2064.0,2235.0,2415.0,2719.0,2745.0,4715.0,4244.0,3026.0,4259.0,3745.0,4232.0,6489.0,5083.0,3693.0,3916.0,3042.0,3120.0,2271.0,1734.0,2197.0,6093.0,2500,Cant. de Genève,GE
38.0,29.0,43.0,34.0,16.0,34.0,25.0,51.0,56.0,45.0,67.0,121.0,85.0,76.0,132.0,93.0,142.0,135.0,90.0,102.0,113.0,101.0,108.0,99.0,134.0,2601,Delémont,JU
5.0,6.0,8.0,7.0,6.0,8.0,10.0,14.0,7.0,12.0,20.0,16.0,22.0,20.0,32.0,30.0,27.0,27.0,5.0,14.0,35.0,27.0,22.0,27.0,23.0,2602,Les Franches-Montagnes,JU
28.0,28.0,21.0,35.0,41.0,29.0,38.0,39.0,17.0,27.0,53.0,92.0,65.0,27.0,93.0,58.0,30.0,61.0,35.0,57.0,48.0,58.0,62.0,58.0,54.0,2603,Porrentruy,JU
